Execution started at: 2024-03-12 17:03:57.827201
Generation: #0 
 16248.638144859651 
 array([5.06427214e+02, 9.06597724e+02, 4.21071520e+02, 1.14879162e+02,
       6.63822846e+02, 3.44077513e+02, 5.54034059e+02, 5.68730867e+01,
       9.79310024e+02, 1.81077117e+02, 5.82258726e+01, 9.74503152e+02,
       1.35555544e+02, 7.42420569e+02, 3.72265925e+02, 7.03329352e+02,
       9.91896064e+02, 5.46199325e+02, 7.10158603e+01, 1.51012019e+02,
       6.80476319e+01, 1.30641842e+02, 6.84754730e+02, 1.68134491e+02,
       4.86575431e+02, 3.13824538e+02, 1.43163145e+01, 1.05831121e+01,
       1.35791785e+02, 1.57670907e+02, 1.60000000e+02, 1.32468250e+02,
       7.21471372e+01, 1.60000000e+02, 1.58086486e+02, 1.60000000e+02,
       1.56756542e+02, 1.60000000e+02, 1.08867298e+02, 3.87579930e+01,
       9.35201519e+01, 2.00000000e+00, 2.00000000e+00, 2.00000000e+00,
       2.00000000e+00, 3.46702469e-01, 1.46524733e+00, 2.00000000e+00,
       1.00000000e-03, 1.00000000e-03, 2.00000000e+00, 1.00000000e-03,
       1.00000000e-03, 1.00000000e-03]) 
Generation: #10 
 1518.3553970095968 
 array([5.13096563e+02, 9.06713983e+02, 4.22196088e+02, 1.13974833e+02,
       6.64615381e+02, 3.42851292e+02, 5.52248637e+02, 5.60963397e+01,
       9.86914600e+02, 1.85974508e+02, 6.24427505e+01, 9.76435766e+02,
       1.37385560e+02, 7.35555070e+02, 3.68326785e+02, 7.00780601e+02,
       9.98498330e+02, 5.43768037e+02, 7.22845677e+01, 1.54719858e+02,
       5.91036544e+01, 1.36311213e+02, 6.85071530e+02, 1.66441193e+02,
       4.81786928e+02, 3.05004089e+02, 1.36169008e+01, 1.32853607e+01,
       1.34544471e+02, 1.58145966e+02, 1.51061535e+02, 1.31187410e+02,
       7.72329079e+01, 1.56694302e+02, 1.58241470e+02, 1.57976138e+02,
       1.58541892e+02, 1.56235404e+02, 1.05988605e+02, 3.59603719e+01,
       9.18087148e+01, 1.51463012e+00, 3.42088968e-01, 1.36611809e+00,
       2.00000000e+00, 5.74774728e-01, 1.82488257e+00, 2.00000000e+00,
       1.00000000e-03, 1.00000000e-03, 7.21299768e-01, 1.00000000e-03,
       2.42596899e-01, 2.00000000e+00]) 
Generation: #20 
 1472.451279373553 
 array([5.11237858e+02, 9.06974672e+02, 4.23030485e+02, 1.13724678e+02,
       6.63358888e+02, 3.40280704e+02, 5.51257102e+02, 5.61735670e+01,
       9.81289744e+02, 1.80977212e+02, 6.19371439e+01, 9.80447729e+02,
       1.36158094e+02, 7.34682899e+02, 3.72143552e+02, 7.02082514e+02,
       9.97475276e+02, 5.42504348e+02, 7.21527523e+01, 1.58116130e+02,
       6.45978982e+01, 1.35199107e+02, 6.84197966e+02, 1.65697310e+02,
       4.84566754e+02, 3.07351911e+02, 1.62184463e+01, 1.16886437e+01,
       1.33759438e+02, 1.59330854e+02, 1.52432733e+02, 1.29444077e+02,
       7.59210189e+01, 1.56782459e+02, 1.53048426e+02, 1.57354651e+02,
       1.54412400e+02, 1.57550504e+02, 1.03051520e+02, 3.76210700e+01,
       9.35693158e+01, 8.05938685e-01, 9.49519621e-01, 1.42616895e+00,
       2.00000000e+00, 2.00000000e+00, 1.64371121e+00, 8.35329813e-01,
       1.00000000e-03, 1.20984523e-01, 1.00000000e-03, 1.00000000e-03,
       2.00000000e+00, 2.00000000e+00]) 
Generation: #30 
 1457.3985518347936 
 array([5.07767582e+02, 9.05516633e+02, 4.22737218e+02, 1.11662178e+02,
       6.64898294e+02, 3.37012827e+02, 5.52983415e+02, 5.63170608e+01,
       9.83477557e+02, 1.82039970e+02, 5.97987570e+01, 9.79714499e+02,
       1.34835910e+02, 7.33643672e+02, 3.68870324e+02, 7.03808613e+02,
       9.95585751e+02, 5.45757579e+02, 7.07469555e+01, 1.57229932e+02,
       6.20592689e+01, 1.34074205e+02, 6.80313956e+02, 1.64419379e+02,
       4.86790645e+02, 3.07494974e+02, 1.67664694e+01, 1.09862981e+01,
       1.33369435e+02, 1.57004294e+02, 1.53818277e+02, 1.32250971e+02,
       7.49852530e+01, 1.55412377e+02, 1.55860032e+02, 1.56371209e+02,
       1.51062072e+02, 1.55740680e+02, 1.03274338e+02, 3.52731610e+01,
       9.03125863e+01, 2.00000000e+00, 7.47726950e-01, 2.00000000e+00,
       1.20715895e+00, 2.00000000e+00, 7.20696225e-01, 2.00000000e+00,
       1.00000000e-03, 2.00000000e+00, 2.00000000e+00, 1.00000000e-03,
       3.90117350e-01, 9.19169044e-03]) 
Generation: #40 
 1471.0317113912781 
 array([5.08872246e+02, 9.05719567e+02, 4.21892120e+02, 1.14180062e+02,
       6.63375102e+02, 3.34022981e+02, 5.53338172e+02, 5.47087682e+01,
       9.83337636e+02, 1.82414867e+02, 6.09920466e+01, 9.80312891e+02,
       1.34556945e+02, 7.34464298e+02, 3.67861103e+02, 7.02876202e+02,
       9.92437948e+02, 5.40283522e+02, 6.58517958e+01, 1.54366744e+02,
       6.33837515e+01, 1.34746953e+02, 6.81487290e+02, 1.64314388e+02,
       4.88419704e+02, 3.06378517e+02, 1.73663656e+01, 1.14822474e+01,
       1.32702013e+02, 1.55665101e+02, 1.52111112e+02, 1.26171016e+02,
       7.82805178e+01, 1.58789643e+02, 1.54313913e+02, 1.59592603e+02,
       1.52180138e+02, 1.58740542e+02, 1.04749831e+02, 3.29321937e+01,
       9.18857014e+01, 2.00000000e+00, 4.71025047e-01, 1.89671581e+00,
       2.00000000e+00, 2.00000000e+00, 8.83876599e-01, 1.00000000e-03,
       5.51046376e-01, 1.22099966e-01, 1.65499851e+00, 5.61638984e-01,
       1.00000000e-03, 1.04752065e+00]) 
Generation: #50 
 1467.4288688806646 
 array([5.08132500e+02, 9.04925150e+02, 4.23102517e+02, 1.12830188e+02,
       6.66501787e+02, 3.35713449e+02, 5.49172756e+02, 5.55650450e+01,
       9.83429849e+02, 1.82528265e+02, 6.03750561e+01, 9.79704779e+02,
       1.33814281e+02, 7.33340943e+02, 3.65326606e+02, 7.03380505e+02,
       9.90528722e+02, 5.44367815e+02, 6.65543589e+01, 1.53391134e+02,
       6.44606069e+01, 1.34722444e+02, 6.81250984e+02, 1.64568159e+02,
       4.90023105e+02, 3.05439332e+02, 1.43028816e+01, 1.53567141e+01,
       1.28436578e+02, 1.55871127e+02, 1.52053580e+02, 1.25624751e+02,
       7.85062502e+01, 1.57460208e+02, 1.54796266e+02, 1.56650376e+02,
       1.50348267e+02, 1.55998517e+02, 1.07461064e+02, 3.23728395e+01,
       9.03163269e+01, 1.88189661e+00, 1.68138450e+00, 1.74483692e+00,
       1.46581472e+00, 1.59978579e+00, 3.07805734e-01, 8.45050194e-01,
       3.53865839e-01, 1.73257120e+00, 3.13009059e-01, 1.47086985e+00,
       1.06880933e-01, 7.26767552e-01]) 
Generation: #60 
 1454.3439692642098 
 array([5.08475738e+02, 9.05816703e+02, 4.20198111e+02, 1.10802322e+02,
       6.67479778e+02, 3.38677486e+02, 5.54399701e+02, 5.47837295e+01,
       9.78771621e+02, 1.83859667e+02, 6.09545445e+01, 9.78562858e+02,
       1.32613136e+02, 7.34726140e+02, 3.65960282e+02, 7.02850264e+02,
       9.91443639e+02, 5.45091310e+02, 7.02696505e+01, 1.52182447e+02,
       6.38539074e+01, 1.36208612e+02, 6.79113444e+02, 1.63748916e+02,
       4.88947232e+02, 3.03973682e+02, 1.46996787e+01, 1.38542876e+01,
       1.30902495e+02, 1.57599041e+02, 1.53477103e+02, 1.27519322e+02,
       7.70655390e+01, 1.56745191e+02, 1.55069358e+02, 1.55614761e+02,
       1.48454101e+02, 1.55375513e+02, 1.04537840e+02, 3.17483249e+01,
       9.21802489e+01, 5.60319559e-01, 1.57421134e+00, 1.46325126e+00,
       1.77809833e+00, 9.96426984e-01, 1.42417060e+00, 5.80566823e-01,
       1.63673333e+00, 1.13427782e-01, 1.43719478e+00, 3.55373964e-02,
       6.55599627e-02, 1.78723412e+00]) 
Generation: #70 
 1467.6875325426504 
 array([5.09405367e+02, 9.04732579e+02, 4.22448327e+02, 1.11457556e+02,
       6.67360183e+02, 3.35547166e+02, 5.52907465e+02, 5.40248795e+01,
       9.81452088e+02, 1.80941431e+02, 6.02136699e+01, 9.74859420e+02,
       1.33740924e+02, 7.34852022e+02, 3.64558964e+02, 7.03175351e+02,
       9.91824060e+02, 5.42142452e+02, 6.92333852e+01, 1.53016522e+02,
       6.55082125e+01, 1.35016268e+02, 6.76761041e+02, 1.64810291e+02,
       4.88346581e+02, 3.01696688e+02, 1.25380074e+01, 1.67821666e+01,
       1.27255781e+02, 1.54590004e+02, 1.52905392e+02, 1.26660422e+02,
       7.76684335e+01, 1.56797445e+02, 1.54075815e+02, 1.54284222e+02,
       1.49697154e+02, 1.57844573e+02, 1.06420491e+02, 3.46542543e+01,
       9.28181722e+01, 1.19775409e+00, 1.91921029e+00, 8.91530463e-01,
       1.24086847e+00, 1.09973752e+00, 2.56997264e-01, 1.93960558e+00,
       4.76323848e-01, 1.46062883e-01, 3.38087829e-01, 1.28907237e+00,
       1.64428439e+00, 1.11104987e+00]) 
Generation: #80 
 1465.9238310145777 
 array([5.07847046e+02, 9.05664021e+02, 4.21115172e+02, 1.12512726e+02,
       6.67164574e+02, 3.36688708e+02, 5.52662166e+02, 5.52712539e+01,
       9.80845854e+02, 1.81561146e+02, 6.18012323e+01, 9.76873543e+02,
       1.33634322e+02, 7.33928947e+02, 3.67608322e+02, 7.03433391e+02,
       9.91682221e+02, 5.42706493e+02, 6.94604379e+01, 1.50993038e+02,
       6.58438994e+01, 1.34058580e+02, 6.80058411e+02, 1.64758877e+02,
       4.89250292e+02, 3.02478319e+02, 1.28607226e+01, 1.53723886e+01,
       1.27287694e+02, 1.56162585e+02, 1.53276385e+02, 1.28318196e+02,
       7.80404134e+01, 1.57324530e+02, 1.54607501e+02, 1.54323948e+02,
       1.50435907e+02, 1.57383044e+02, 1.06352948e+02, 3.51705887e+01,
       9.30628141e+01, 1.41294581e+00, 7.80574497e-01, 5.33639713e-01,
       1.63266074e+00, 1.75644820e+00, 1.09473587e+00, 1.14567061e+00,
       3.82460635e-01, 1.25424031e+00, 1.69106841e+00, 1.85149609e+00,
       6.64389221e-01, 1.37437986e+00]) 
Generation: #90 
 1465.4581606786728 
 array([5.08030188e+02, 9.04383068e+02, 4.20596587e+02, 1.11926716e+02,
       6.66607712e+02, 3.35965841e+02, 5.52935699e+02, 5.54388131e+01,
       9.79804904e+02, 1.81334627e+02, 6.07199269e+01, 9.75481883e+02,
       1.33395178e+02, 7.33583601e+02, 3.66240025e+02, 7.03945656e+02,
       9.91364135e+02, 5.43221455e+02, 6.98273073e+01, 1.52714748e+02,
       6.47096588e+01, 1.34006017e+02, 6.79384779e+02, 1.64364581e+02,
       4.88204803e+02, 3.02253191e+02, 1.17201430e+01, 1.52555557e+01,
       1.27547415e+02, 1.54195042e+02, 1.54469672e+02, 1.27116511e+02,
       7.71400584e+01, 1.56390786e+02, 1.56062320e+02, 1.54414030e+02,
       1.49533254e+02, 1.57866954e+02, 1.05206538e+02, 3.38257591e+01,
       9.28868399e+01, 8.26657293e-01, 1.03886345e+00, 1.28394099e+00,
       8.10814649e-01, 1.31876173e+00, 1.16558625e+00, 8.87867737e-01,
       9.01428462e-01, 1.38612160e+00, 1.53170168e+00, 4.12363831e-01,
       6.59196689e-01, 3.37729575e-01]) 
Generation: #100 
 1463.9344265665918 
 array([5.08075549e+02, 9.04787557e+02, 4.20220247e+02, 1.12414000e+02,
       6.67200708e+02, 3.36271652e+02, 5.52113234e+02, 5.53899837e+01,
       9.79487019e+02, 1.82103705e+02, 6.13800975e+01, 9.75859802e+02,
       1.33169334e+02, 7.33298627e+02, 3.65504635e+02, 7.05001782e+02,
       9.92407462e+02, 5.44921929e+02, 6.90360352e+01, 1.52261928e+02,
       6.58202950e+01, 1.34269122e+02, 6.80122090e+02, 1.64769100e+02,
       4.88962823e+02, 3.01792199e+02, 1.16184147e+01, 1.47504666e+01,
       1.28417485e+02, 1.54083007e+02, 1.54058654e+02, 1.27177497e+02,
       7.63571068e+01, 1.56905233e+02, 1.55989153e+02, 1.54449578e+02,
       1.50110686e+02, 1.57621222e+02, 1.04473529e+02, 3.48457777e+01,
       9.37258577e+01, 1.35794073e+00, 5.90767262e-01, 1.79117048e+00,
       1.19257298e+00, 1.07586007e+00, 6.14176942e-01, 8.23556319e-01,
       1.64513591e+00, 8.98676670e-01, 1.26904054e+00, 1.77718587e+00,
       4.87288531e-01, 9.48167683e-01]) 
Generation: #110 
 1462.4719141984574 
 array([5.07261914e+02, 9.06499714e+02, 4.20060753e+02, 1.12360933e+02,
       6.67141989e+02, 3.35274804e+02, 5.51514229e+02, 5.62084721e+01,
       9.80411019e+02, 1.81499752e+02, 6.04524458e+01, 9.76590998e+02,
       1.34077468e+02, 7.33622001e+02, 3.65841232e+02, 7.03896599e+02,
       9.90592034e+02, 5.44455282e+02, 6.90422370e+01, 1.51873770e+02,
       6.47733131e+01, 1.34109763e+02, 6.79536412e+02, 1.64975649e+02,
       4.88016754e+02, 3.02372281e+02, 1.21763762e+01, 1.50180116e+01,
       1.27202528e+02, 1.54025192e+02, 1.52778777e+02, 1.27457813e+02,
       7.62110639e+01, 1.56705926e+02, 1.55185650e+02, 1.54976143e+02,
       1.48550482e+02, 1.57735536e+02, 1.03836106e+02, 3.28831193e+01,
       9.42744848e+01, 1.07135938e+00, 6.37931985e-01, 1.29217677e+00,
       1.69505998e+00, 1.09376341e+00, 6.41970875e-01, 1.37448573e+00,
       1.47843238e+00, 1.68873687e+00, 1.13144317e+00, 1.68413587e+00,
       1.13334522e+00, 1.18939627e+00]) 
Generation: #120 
 1236.0765334439177 
 array([5.07213588e+02, 9.05977339e+02, 4.20168388e+02, 1.13201079e+02,
       6.67044776e+02, 3.35584911e+02, 5.51262058e+02, 5.44780843e+01,
       9.80803353e+02, 1.81347483e+02, 6.03999051e+01, 9.76376455e+02,
       1.33589892e+02, 7.33782169e+02, 3.65537899e+02, 7.04576060e+02,
       9.91721290e+02, 5.44146938e+02, 6.84267521e+01, 1.51470148e+02,
       6.36073900e+01, 1.34173862e+02, 6.79522068e+02, 1.64572601e+02,
       4.88607416e+02, 3.01463928e+02, 1.22367381e+01, 1.50886757e+01,
       1.26826357e+02, 1.53691610e+02, 1.53352764e+02, 1.27349405e+02,
       7.67231687e+01, 1.57144818e+02, 1.55618659e+02, 1.54267621e+02,
       1.48301763e+02, 1.57974447e+02, 1.04259387e+02, 3.38924672e+01,
       9.39555249e+01, 9.74553198e-01, 7.51639452e-01, 8.72743199e-01,
       1.26101398e+00, 9.97872372e-01, 7.00771126e-01, 9.47525313e-01,
       1.64201732e+00, 1.44648719e+00, 1.55474581e-01, 1.47738971e-01,
       1.33123250e+00, 8.92826782e-01]) 
Generation: #130 
 1237.0885324347933 
 array([5.06510060e+02, 9.05852274e+02, 4.20368660e+02, 1.12774873e+02,
       6.67778611e+02, 3.36295747e+02, 5.51795067e+02, 5.43266521e+01,
       9.80297332e+02, 1.81299602e+02, 6.06580631e+01, 9.75920468e+02,
       1.34271468e+02, 7.33747673e+02, 3.65381010e+02, 7.05922916e+02,
       9.90159896e+02, 5.44945392e+02, 6.75696791e+01, 1.50837587e+02,
       6.47846323e+01, 1.34149380e+02, 6.79316636e+02, 1.64367723e+02,
       4.87912344e+02, 3.01646700e+02, 1.22704571e+01, 1.50326352e+01,
       1.27252479e+02, 1.54323899e+02, 1.52762935e+02, 1.27963086e+02,
       7.75514930e+01, 1.57966780e+02, 1.56511672e+02, 1.54737735e+02,
       1.48393424e+02, 1.58031687e+02, 1.03775401e+02, 3.34816324e+01,
       9.35486666e+01, 1.28163928e+00, 1.55828141e+00, 1.79857048e+00,
       9.97991010e-01, 1.01206781e+00, 1.41306621e+00, 5.18200083e-01,
       1.39385532e+00, 4.11317514e-01, 4.25687095e-02, 3.43311049e-01,
       8.27206870e-01, 1.73721181e+00]) 
Generation: #140 
 1234.9038868187613 
 array([5.06300371e+02, 9.05247046e+02, 4.20755542e+02, 1.12821061e+02,
       6.67426716e+02, 3.36408057e+02, 5.51208268e+02, 5.41364462e+01,
       9.80045923e+02, 1.81435903e+02, 6.01987860e+01, 9.76469395e+02,
       1.33443055e+02, 7.33535344e+02, 3.66138860e+02, 7.05222035e+02,
       9.89768397e+02, 5.44215554e+02, 6.77229127e+01, 1.50393829e+02,
       6.42283757e+01, 1.34166629e+02, 6.79586779e+02, 1.64892320e+02,
       4.86853802e+02, 3.01143077e+02, 1.22310754e+01, 1.49988521e+01,
       1.27150005e+02, 1.53706098e+02, 1.53506365e+02, 1.27696872e+02,
       7.71767591e+01, 1.57120605e+02, 1.55709063e+02, 1.54723488e+02,
       1.48661064e+02, 1.58647525e+02, 1.04069126e+02, 3.35961100e+01,
       9.32768796e+01, 8.03367566e-01, 1.87058155e+00, 5.93179869e-01,
       1.45191124e+00, 1.20325336e+00, 1.27466139e+00, 1.17816760e+00,
       1.88069972e+00, 7.05931314e-01, 9.81164910e-01, 1.41317164e+00,
       8.34911092e-01, 9.63548935e-01]) 
Generation: #150 
 1237.6641367474695 
 array([5.06995198e+02, 9.06005058e+02, 4.20123443e+02, 1.11592203e+02,
       6.68020395e+02, 3.36162360e+02, 5.51442821e+02, 5.47662698e+01,
       9.79927998e+02, 1.81163481e+02, 6.06802989e+01, 9.75625971e+02,
       1.34201624e+02, 7.34062139e+02, 3.64940566e+02, 7.04149070e+02,
       9.90197051e+02, 5.43372187e+02, 6.72461233e+01, 1.50823844e+02,
       6.39889394e+01, 1.34956157e+02, 6.79474819e+02, 1.64353393e+02,
       4.88487860e+02, 3.00769567e+02, 1.27356036e+01, 1.45978698e+01,
       1.26445902e+02, 1.53399283e+02, 1.54043145e+02, 1.26809617e+02,
       7.70424737e+01, 1.56572657e+02, 1.55205102e+02, 1.54299084e+02,
       1.48231547e+02, 1.58602468e+02, 1.03733833e+02, 3.33186541e+01,
       9.35420399e+01, 9.56912924e-01, 1.28736363e+00, 1.15494132e+00,
       1.74838992e+00, 8.67569245e-01, 9.33630398e-01, 6.69323281e-01,
       1.26859210e+00, 1.39742691e+00, 1.17843215e+00, 1.10558598e+00,
       7.16652187e-01, 7.65383659e-01]) 
Generation: #160 
 1236.53430245119 
 array([5.06905425e+02, 9.05166607e+02, 4.19630192e+02, 1.12023352e+02,
       6.67942406e+02, 3.36379646e+02, 5.51144894e+02, 5.43341267e+01,
       9.80022548e+02, 1.81601562e+02, 6.13030881e+01, 9.75483645e+02,
       1.33404472e+02, 7.33432110e+02, 3.64779864e+02, 7.04706884e+02,
       9.90148407e+02, 5.43448159e+02, 6.80027517e+01, 1.50868049e+02,
       6.38555015e+01, 1.34096441e+02, 6.79340500e+02, 1.64071281e+02,
       4.88012176e+02, 3.01335052e+02, 1.24053383e+01, 1.50149575e+01,
       1.26834252e+02, 1.53787235e+02, 1.53785015e+02, 1.27535655e+02,
       7.71475183e+01, 1.56829936e+02, 1.54761593e+02, 1.54273231e+02,
       1.48290182e+02, 1.57660916e+02, 1.03642309e+02, 3.29595200e+01,
       9.35037734e+01, 1.31231675e+00, 1.22012038e+00, 1.31209818e+00,
       1.42812728e+00, 7.42416126e-01, 6.63668357e-01, 9.81494147e-01,
       1.23434981e+00, 1.04339208e+00, 5.27218769e-01, 9.52675936e-01,
       9.84007186e-01, 1.77398036e+00]) 
Generation: #170 
 1234.6070609338585 
 array([5.07149879e+02, 9.05554112e+02, 4.19856356e+02, 1.12204149e+02,
       6.68067795e+02, 3.36995465e+02, 5.50595837e+02, 5.45647816e+01,
       9.80709636e+02, 1.81055031e+02, 6.06976357e+01, 9.76609436e+02,
       1.34130251e+02, 7.33230437e+02, 3.64804387e+02, 7.04400567e+02,
       9.90015547e+02, 5.43328432e+02, 6.72805276e+01, 1.51210190e+02,
       6.40804751e+01, 1.34027684e+02, 6.79625527e+02, 1.65111035e+02,
       4.88622563e+02, 3.00961733e+02, 1.26909616e+01, 1.52685583e+01,
       1.26621926e+02, 1.54069742e+02, 1.53652948e+02, 1.27098408e+02,
       7.75974229e+01, 1.56851516e+02, 1.54688755e+02, 1.54716289e+02,
       1.47499818e+02, 1.58238703e+02, 1.03399604e+02, 3.33510069e+01,
       9.31564339e+01, 1.08848299e+00, 7.75483638e-01, 1.62119377e+00,
       1.45589500e+00, 9.87590224e-01, 7.09420223e-01, 1.04803207e+00,
       1.20140410e+00, 7.55280904e-01, 7.49166533e-01, 1.18012534e+00,
       1.41673700e+00, 8.22108538e-01]) 
Generation: #180 
 1236.295082628931 
 array([5.07145052e+02, 9.04886170e+02, 4.20285088e+02, 1.12448172e+02,
       6.67965534e+02, 3.36742744e+02, 5.51429490e+02, 5.44765793e+01,
       9.81010509e+02, 1.80922452e+02, 6.06646202e+01, 9.76283310e+02,
       1.33767035e+02, 7.32979369e+02, 3.64889386e+02, 7.04182165e+02,
       9.89951241e+02, 5.43559258e+02, 6.72726710e+01, 1.51253528e+02,
       6.43931967e+01, 1.33829842e+02, 6.79716794e+02, 1.65334277e+02,
       4.88613524e+02, 3.01195186e+02, 1.26602796e+01, 1.53689140e+01,
       1.26872939e+02, 1.53890737e+02, 1.53072124e+02, 1.26908201e+02,
       7.73736014e+01, 1.57707367e+02, 1.54896884e+02, 1.54619533e+02,
       1.48176629e+02, 1.58445881e+02, 1.03196536e+02, 3.41149854e+01,
       9.29765666e+01, 1.11477891e+00, 1.00891223e+00, 1.90086561e+00,
       1.45866517e+00, 5.97765544e-01, 4.15496093e-01, 1.02245884e+00,
       1.17006234e+00, 5.99531951e-01, 7.44299582e-01, 1.22443934e+00,
       1.32103637e+00, 8.92135323e-01]) 
Generation: #190 
 1235.6837462334809 
 array([5.07850584e+02, 9.05306727e+02, 4.20035704e+02, 1.11876592e+02,
       6.67642287e+02, 3.36731325e+02, 5.51662378e+02, 5.47003594e+01,
       9.80563436e+02, 1.81240597e+02, 6.09535633e+01, 9.76483596e+02,
       1.34160359e+02, 7.32977666e+02, 3.64791995e+02, 7.03940892e+02,
       9.90432413e+02, 5.43622402e+02, 6.74559918e+01, 1.51031287e+02,
       6.33732883e+01, 1.34138080e+02, 6.79809902e+02, 1.64523704e+02,
       4.88447791e+02, 3.01335491e+02, 1.29034833e+01, 1.52846978e+01,
       1.26570522e+02, 1.53420156e+02, 1.54043724e+02, 1.27674593e+02,
       7.74084957e+01, 1.57833054e+02, 1.54966707e+02, 1.54965888e+02,
       1.48106158e+02, 1.58503545e+02, 1.03260033e+02, 3.44587797e+01,
       9.37946060e+01, 4.93979140e-01, 1.00064768e+00, 1.12249604e+00,
       1.26013173e+00, 1.51951318e+00, 3.61594636e-01, 8.51402195e-01,
       8.11802387e-01, 7.05757357e-01, 6.79565073e-01, 9.82118385e-01,
       1.12756873e+00, 1.10175889e+00]) 
Generation: #200 
 1238.5149374062955 
 array([5.07005586e+02, 9.05191736e+02, 4.20098727e+02, 1.12701808e+02,
       6.67972817e+02, 3.36592523e+02, 5.51528162e+02, 5.43600654e+01,
       9.80464637e+02, 1.80785373e+02, 6.11549203e+01, 9.76370546e+02,
       1.34268223e+02, 7.32634371e+02, 3.64797376e+02, 7.04167141e+02,
       9.90205696e+02, 5.42971048e+02, 6.74493959e+01, 1.51137877e+02,
       6.34622515e+01, 1.33773867e+02, 6.80131716e+02, 1.64245129e+02,
       4.88687205e+02, 3.00823751e+02, 1.28581194e+01, 1.51548737e+01,
       1.26468172e+02, 1.53934277e+02, 1.53094896e+02, 1.27870337e+02,
       7.73993505e+01, 1.57680632e+02, 1.55644380e+02, 1.54589063e+02,
       1.48163078e+02, 1.58578065e+02, 1.03179072e+02, 3.47194248e+01,
       9.33754205e+01, 6.66002431e-01, 1.16072208e+00, 1.42761777e+00,
       1.66331551e+00, 1.26199389e+00, 1.12396904e+00, 1.37536650e+00,
       5.40363999e-01, 5.90145629e-01, 4.37661525e-01, 8.31167945e-01,
       8.65535081e-01, 6.08953046e-01]) 
Generation: #210 
 1239.4615305366888 
 array([5.07550130e+02, 9.05398883e+02, 4.20397254e+02, 1.12288811e+02,
       6.67317075e+02, 3.36390279e+02, 5.51693572e+02, 5.47655417e+01,
       9.80928791e+02, 1.81725339e+02, 6.08952890e+01, 9.76342792e+02,
       1.33936895e+02, 7.33051111e+02, 3.65378042e+02, 7.04360691e+02,
       9.90213583e+02, 5.42971586e+02, 6.73730998e+01, 1.51105322e+02,
       6.38285803e+01, 1.33593313e+02, 6.80169655e+02, 1.64936328e+02,
       4.88776985e+02, 3.01160461e+02, 1.30211418e+01, 1.56966832e+01,
       1.26563370e+02, 1.54217315e+02, 1.52922561e+02, 1.27625780e+02,
       7.73637670e+01, 1.57883857e+02, 1.55475080e+02, 1.54837415e+02,
       1.48136398e+02, 1.58739188e+02, 1.03266927e+02, 3.44123127e+01,
       9.34867471e+01, 9.37168395e-01, 1.09638693e+00, 1.17673049e+00,
       1.21422021e+00, 6.68626101e-01, 8.51275755e-01, 1.36861677e+00,
       7.65074961e-01, 1.02544748e+00, 4.43899690e-01, 1.52864868e+00,
       1.26858484e+00, 7.02744822e-01]) 
Generation: #220 
 1237.1753626862082 
 array([5.06881115e+02, 9.05308200e+02, 4.20211341e+02, 1.12565433e+02,
       6.66743909e+02, 3.36712306e+02, 5.52366015e+02, 5.39292036e+01,
       9.80655075e+02, 1.81256207e+02, 6.14126978e+01, 9.76062884e+02,
       1.33753607e+02, 7.32483596e+02, 3.65261233e+02, 7.04055613e+02,
       9.90358055e+02, 5.43121691e+02, 6.74612983e+01, 1.50901970e+02,
       6.34349407e+01, 1.33710948e+02, 6.79856690e+02, 1.64413846e+02,
       4.89032102e+02, 3.00874135e+02, 1.27085553e+01, 1.53177185e+01,
       1.26346469e+02, 1.54116464e+02, 1.53179238e+02, 1.27578598e+02,
       7.75898224e+01, 1.57059511e+02, 1.55935108e+02, 1.54534876e+02,
       1.48005874e+02, 1.58198519e+02, 1.03991451e+02, 3.47487170e+01,
       9.35377430e+01, 8.66361248e-01, 1.27659490e+00, 1.20763723e+00,
       1.50280725e+00, 4.97972762e-01, 6.95001790e-01, 1.59829127e+00,
       1.00461829e+00, 1.07450469e+00, 7.29168916e-01, 7.92218014e-01,
       1.43444349e+00, 2.70367487e-01]) 
Generation: #230 
 1234.1801322527897 
 array([5.06694327e+02, 9.05615459e+02, 4.20249474e+02, 1.12451599e+02,
       6.66741569e+02, 3.36446116e+02, 5.51809609e+02, 5.40147557e+01,
       9.80292988e+02, 1.80727501e+02, 6.07831949e+01, 9.75696128e+02,
       1.33578739e+02, 7.32688534e+02, 3.65179113e+02, 7.04389448e+02,
       9.89510887e+02, 5.42491536e+02, 6.77322435e+01, 1.50915602e+02,
       6.29185981e+01, 1.34480744e+02, 6.80087448e+02, 1.64363322e+02,
       4.88280288e+02, 3.00819325e+02, 1.22565521e+01, 1.52701947e+01,
       1.25734849e+02, 1.53999272e+02, 1.53392710e+02, 1.27977011e+02,
       7.72390614e+01, 1.57041202e+02, 1.55952029e+02, 1.54920823e+02,
       1.47107121e+02, 1.59060041e+02, 1.03287761e+02, 3.48278021e+01,
       9.39393753e+01, 9.92150965e-01, 1.32675506e+00, 1.17579831e+00,
       1.53794440e+00, 5.47605095e-01, 9.78129277e-01, 1.62285508e+00,
       5.45199043e-01, 1.06901518e+00, 4.35249654e-01, 9.30613464e-01,
       1.42890376e+00, 7.28660592e-01]) 
Generation: #240 
 1235.3858443546567 
 array([5.06554367e+02, 9.06139684e+02, 4.20580892e+02, 1.12511725e+02,
       6.67754412e+02, 3.36315428e+02, 5.52098828e+02, 5.48720306e+01,
       9.79557218e+02, 1.81173504e+02, 6.06546448e+01, 9.76267884e+02,
       1.33863022e+02, 7.32997054e+02, 3.64437804e+02, 7.04622862e+02,
       9.89839185e+02, 5.42396545e+02, 6.77274916e+01, 1.50653088e+02,
       6.32642894e+01, 1.33926507e+02, 6.79737074e+02, 1.64373681e+02,
       4.87858866e+02, 3.01030734e+02, 1.26681028e+01, 1.50793796e+01,
       1.25928116e+02, 1.53875515e+02, 1.54008797e+02, 1.28074843e+02,
       7.72647439e+01, 1.56898529e+02, 1.55323031e+02, 1.55319878e+02,
       1.47797308e+02, 1.58459594e+02, 1.03329364e+02, 3.35471470e+01,
       9.36733990e+01, 1.14612895e+00, 8.77037950e-01, 1.28321594e+00,
       1.23708047e+00, 1.19770992e+00, 1.06141557e+00, 1.12239524e+00,
       1.06764893e+00, 1.44929236e+00, 8.03811450e-01, 1.03257362e+00,
       1.24561500e+00, 7.30281039e-01]) 
Generation: #250 
 1235.0661149093635 
 array([5.07348085e+02, 9.06644576e+02, 4.20838118e+02, 1.12751953e+02,
       6.67094783e+02, 3.37001807e+02, 5.51729730e+02, 5.42466026e+01,
       9.80813909e+02, 1.81003186e+02, 6.07318352e+01, 9.76216776e+02,
       1.33944252e+02, 7.33281175e+02, 3.65196802e+02, 7.04715263e+02,
       9.89284033e+02, 5.42199777e+02, 6.71164212e+01, 1.50903474e+02,
       6.30552745e+01, 1.34475641e+02, 6.79983695e+02, 1.64766700e+02,
       4.88568243e+02, 3.00654163e+02, 1.27385490e+01, 1.55194851e+01,
       1.25418846e+02, 1.54540993e+02, 1.53321876e+02, 1.28490946e+02,
       7.75135745e+01, 1.57155142e+02, 1.56210165e+02, 1.54706645e+02,
       1.47623682e+02, 1.59017562e+02, 1.03658042e+02, 3.44230189e+01,
       9.38167449e+01, 7.59934320e-01, 9.61524139e-01, 9.94206336e-01,
       1.93724825e+00, 9.32210444e-01, 9.82506172e-01, 9.42061292e-01,
       3.75168918e-02, 1.32872197e+00, 3.97674920e-01, 8.01464728e-01,
       8.52435013e-01, 9.47466801e-01]) 
Generation: #260 
 1235.7429170025407 
 array([5.07129205e+02, 9.06636045e+02, 4.20633727e+02, 1.13078291e+02,
       6.66590467e+02, 3.36369459e+02, 5.51665796e+02, 5.49295228e+01,
       9.80941290e+02, 1.80762624e+02, 6.11968162e+01, 9.76443312e+02,
       1.34576265e+02, 7.32886729e+02, 3.65587358e+02, 7.04681934e+02,
       9.89692350e+02, 5.41586230e+02, 6.73666608e+01, 1.50377543e+02,
       6.27370832e+01, 1.34304673e+02, 6.80435108e+02, 1.64807006e+02,
       4.88790841e+02, 3.00641269e+02, 1.25997099e+01, 1.51381008e+01,
       1.25119963e+02, 1.54221086e+02, 1.53544451e+02, 1.28721864e+02,
       7.67318005e+01, 1.56605205e+02, 1.56374567e+02, 1.54826087e+02,
       1.47366680e+02, 1.58906025e+02, 1.03627972e+02, 3.40400334e+01,
       9.38268799e+01, 8.36799228e-01, 1.30647503e+00, 1.23861193e+00,
       1.30257247e+00, 4.99804724e-01, 8.07439778e-01, 1.32664111e+00,
       1.10110473e+00, 1.35908912e+00, 1.39976015e+00, 8.91155392e-01,
       1.17038540e+00, 1.77146712e+00]) 
Generation: #270 
 1237.3308600453893 
 array([5.07196637e+02, 9.05993078e+02, 4.20441812e+02, 1.12724356e+02,
       6.66948155e+02, 3.36481709e+02, 5.52718742e+02, 5.40495396e+01,
       9.80951512e+02, 1.80317976e+02, 6.04317894e+01, 9.76917478e+02,
       1.35193538e+02, 7.33163798e+02, 3.64881710e+02, 7.04897852e+02,
       9.90522012e+02, 5.42138209e+02, 6.72412693e+01, 1.50980230e+02,
       6.28465800e+01, 1.34699957e+02, 6.80655738e+02, 1.64839174e+02,
       4.89042162e+02, 3.00780193e+02, 1.24076509e+01, 1.48043185e+01,
       1.25448437e+02, 1.54269141e+02, 1.53961146e+02, 1.28263906e+02,
       7.65588828e+01, 1.56508301e+02, 1.56647587e+02, 1.55211214e+02,
       1.47637553e+02, 1.58663582e+02, 1.04356182e+02, 3.41919725e+01,
       9.31844787e+01, 1.34467188e+00, 1.46523503e+00, 1.58837878e+00,
       8.42850423e-01, 5.91768606e-01, 7.22290514e-01, 5.78451387e-01,
       6.46220648e-01, 1.22390814e+00, 1.29940718e+00, 2.47587696e-01,
       1.13044570e+00, 1.38030073e+00]) 
Generation: #280 
 1236.3070551138503 
 array([5.07716248e+02, 9.06418617e+02, 4.20708272e+02, 1.12653856e+02,
       6.66553693e+02, 3.36469094e+02, 5.52192786e+02, 5.44820841e+01,
       9.81171617e+02, 1.80340501e+02, 6.02692308e+01, 9.77163809e+02,
       1.34618316e+02, 7.33560741e+02, 3.63805798e+02, 7.05267143e+02,
       9.90265746e+02, 5.42233303e+02, 6.60411595e+01, 1.50014355e+02,
       6.28610248e+01, 1.35143128e+02, 6.81088381e+02, 1.65143391e+02,
       4.89127754e+02, 3.00665448e+02, 1.32057129e+01, 1.47332708e+01,
       1.25228941e+02, 1.53571064e+02, 1.53650557e+02, 1.28615451e+02,
       7.67687378e+01, 1.56407580e+02, 1.57929465e+02, 1.55380709e+02,
       1.47046087e+02, 1.59465803e+02, 1.02779347e+02, 3.41172082e+01,
       9.37375395e+01, 1.01830484e+00, 1.14661629e+00, 8.15226602e-01,
       1.75961639e+00, 1.30032448e+00, 5.65651843e-01, 1.74410496e+00,
       1.79135342e+00, 5.95967427e-01, 1.33548393e+00, 1.51136320e+00,
       9.33748694e-01, 1.22588159e+00]) 
Generation: #290 
 1236.5849742895973 
 array([5.07124343e+02, 9.05820586e+02, 4.20622659e+02, 1.12468510e+02,
       6.66400572e+02, 3.35986949e+02, 5.52796346e+02, 5.50967602e+01,
       9.81527336e+02, 1.80560240e+02, 6.06425345e+01, 9.76699140e+02,
       1.34629876e+02, 7.32962087e+02, 3.64646910e+02, 7.05271554e+02,
       9.90374312e+02, 5.41694894e+02, 6.64186218e+01, 1.49847922e+02,
       6.33669868e+01, 1.34807007e+02, 6.80443415e+02, 1.64515525e+02,
       4.89449222e+02, 3.00812197e+02, 1.17045633e+01, 1.52336632e+01,
       1.25255506e+02, 1.54402141e+02, 1.53155772e+02, 1.27791307e+02,
       7.65577522e+01, 1.56107736e+02, 1.57027243e+02, 1.54963916e+02,
       1.48247862e+02, 1.58221518e+02, 1.03269133e+02, 3.36945340e+01,
       9.34351082e+01, 1.19868642e+00, 9.87549890e-01, 7.02247090e-01,
       1.85166477e+00, 6.42549543e-01, 7.85533473e-01, 1.22006347e+00,
       1.27076671e+00, 1.38437556e+00, 1.21528441e+00, 1.25657326e+00,
       1.34533122e+00, 1.17375214e+00]) 
Generation: #300 
 1234.5316835335416 
 array([5.07397261e+02, 9.06900971e+02, 4.20479935e+02, 1.12808922e+02,
       6.66294265e+02, 3.36161899e+02, 5.52867874e+02, 5.52556426e+01,
       9.81788471e+02, 1.80646967e+02, 6.00438808e+01, 9.76718927e+02,
       1.34159671e+02, 7.32701381e+02, 3.64276761e+02, 7.05052678e+02,
       9.90361759e+02, 5.41794258e+02, 6.59576699e+01, 1.50181721e+02,
       6.31386293e+01, 1.34759461e+02, 6.80018655e+02, 1.64491146e+02,
       4.89129612e+02, 3.00114139e+02, 1.18101883e+01, 1.52665767e+01,
       1.24741296e+02, 1.54073354e+02, 1.53907531e+02, 1.27675727e+02,
       7.63713317e+01, 1.55541619e+02, 1.57857146e+02, 1.54922096e+02,
       1.47502750e+02, 1.58569280e+02, 1.04057342e+02, 3.36511375e+01,
       9.38291544e+01, 1.25044632e+00, 1.63839734e+00, 3.57229150e-01,
       1.59543911e+00, 8.51106243e-01, 9.57053590e-01, 8.27423485e-01,
       5.86294385e-01, 1.44788493e+00, 1.16701653e+00, 1.10443332e+00,
       1.13479952e+00, 1.11144289e+00]) 
Generation: #310 
 1236.2686931802668 
 array([5.06496352e+02, 9.06619252e+02, 4.20079819e+02, 1.12672365e+02,
       6.66386800e+02, 3.35779325e+02, 5.51886336e+02, 5.52844427e+01,
       9.81083593e+02, 1.80376900e+02, 5.98020568e+01, 9.76483491e+02,
       1.35317514e+02, 7.33533480e+02, 3.63706225e+02, 7.05199006e+02,
       9.90115726e+02, 5.41758794e+02, 6.58504444e+01, 1.50444043e+02,
       6.34926573e+01, 1.34764411e+02, 6.80264579e+02, 1.64448406e+02,
       4.89038841e+02, 2.99603293e+02, 1.22190614e+01, 1.47632163e+01,
       1.25006841e+02, 1.53447066e+02, 1.54506069e+02, 1.27987148e+02,
       7.58635208e+01, 1.55980889e+02, 1.56956701e+02, 1.54616260e+02,
       1.46396857e+02, 1.58170039e+02, 1.03001381e+02, 3.34133093e+01,
       9.38592723e+01, 5.58928744e-01, 1.38373059e+00, 1.23094163e+00,
       1.75023595e+00, 9.20890661e-01, 1.61205702e+00, 1.22856449e+00,
       1.51792892e+00, 9.80362398e-01, 1.35881275e+00, 5.89758877e-01,
       9.66509256e-01, 8.81306630e-01]) 
Generation: #320 
 1235.0528743761067 
 array([5.06655853e+02, 9.06664823e+02, 4.20956329e+02, 1.12699482e+02,
       6.66268785e+02, 3.35795443e+02, 5.52882230e+02, 5.49012151e+01,
       9.81735254e+02, 1.79806430e+02, 5.92827720e+01, 9.76626785e+02,
       1.35256159e+02, 7.33523792e+02, 3.64358501e+02, 7.05334420e+02,
       9.89423022e+02, 5.41505003e+02, 6.59903017e+01, 1.50752270e+02,
       6.31995755e+01, 1.35015023e+02, 6.79917175e+02, 1.65182228e+02,
       4.88924695e+02, 3.00496987e+02, 1.26950173e+01, 1.50025765e+01,
       1.24616895e+02, 1.53677216e+02, 1.53392087e+02, 1.27986164e+02,
       7.63186840e+01, 1.55791276e+02, 1.57113011e+02, 1.54845653e+02,
       1.47072506e+02, 1.59057432e+02, 1.03073669e+02, 3.36236131e+01,
       9.36895071e+01, 9.99808303e-01, 9.55068940e-01, 1.00002910e+00,
       1.61109843e+00, 1.07328695e+00, 1.68453069e+00, 1.12449388e+00,
       1.06181002e+00, 1.50493679e+00, 1.34674713e+00, 6.17151649e-01,
       1.25452176e+00, 1.11747616e+00]) 
Generation: #330 
 1236.66423780796 
 array([5.06718251e+02, 9.06513661e+02, 4.20863660e+02, 1.12436889e+02,
       6.66410250e+02, 3.36423243e+02, 5.52148980e+02, 5.49071007e+01,
       9.81308505e+02, 1.79800102e+02, 5.93112845e+01, 9.76281929e+02,
       1.34428823e+02, 7.32958385e+02, 3.64185948e+02, 7.04785225e+02,
       9.89216954e+02, 5.41206115e+02, 6.56615614e+01, 1.50356951e+02,
       6.32565767e+01, 1.35485407e+02, 6.79941954e+02, 1.64841655e+02,
       4.88831439e+02, 3.00144142e+02, 1.26561734e+01, 1.49108931e+01,
       1.24594746e+02, 1.54056979e+02, 1.53256147e+02, 1.29194481e+02,
       7.62985249e+01, 1.56318957e+02, 1.56907536e+02, 1.54398036e+02,
       1.46754834e+02, 1.58217804e+02, 1.03861945e+02, 3.35391169e+01,
       9.30007697e+01, 1.03288084e+00, 1.03320592e+00, 1.37189395e+00,
       1.43609756e+00, 1.37786831e+00, 1.02477140e+00, 2.97279425e-01,
       8.87837228e-01, 1.09512722e+00, 1.33478037e+00, 1.78865566e+00,
       7.66134819e-01, 1.66536566e+00]) 
Generation: #340 
 1234.613143971138 
 array([5.06773653e+02, 9.06935314e+02, 4.20078730e+02, 1.12371482e+02,
       6.66740152e+02, 3.37103730e+02, 5.52569266e+02, 5.53134300e+01,
       9.80821137e+02, 1.79945256e+02, 5.92972923e+01, 9.76206653e+02,
       1.34028324e+02, 7.32674589e+02, 3.64153526e+02, 7.04739555e+02,
       9.89696070e+02, 5.41424365e+02, 6.55250060e+01, 1.50096622e+02,
       6.37115843e+01, 1.34477590e+02, 6.80052653e+02, 1.64349179e+02,
       4.88354509e+02, 2.99648957e+02, 1.26125160e+01, 1.51534161e+01,
       1.25019600e+02, 1.53641343e+02, 1.53464950e+02, 1.28512655e+02,
       7.67494873e+01, 1.55732657e+02, 1.57071660e+02, 1.54299483e+02,
       1.47605472e+02, 1.58184856e+02, 1.03577048e+02, 3.35864531e+01,
       9.39065139e+01, 9.70949433e-01, 1.42090784e+00, 6.95584734e-01,
       1.28338454e+00, 1.62726014e+00, 1.36192566e+00, 8.76870436e-01,
       8.35441966e-01, 1.54739812e+00, 1.48972734e+00, 1.55534116e+00,
       4.71287303e-01, 9.75955873e-01]) 
Generation: #350 
 1235.0401313280418 
 array([5.07168454e+02, 9.06908478e+02, 4.20700872e+02, 1.11940673e+02,
       6.66774048e+02, 3.37144077e+02, 5.52348795e+02, 5.53814242e+01,
       9.81059716e+02, 1.80318589e+02, 5.94178635e+01, 9.76514997e+02,
       1.34630397e+02, 7.33024011e+02, 3.63595104e+02, 7.04855574e+02,
       9.89361900e+02, 5.41492652e+02, 6.61353468e+01, 1.50299277e+02,
       6.34439232e+01, 1.34712237e+02, 6.80518785e+02, 1.64529351e+02,
       4.88756399e+02, 3.00083332e+02, 1.24671421e+01, 1.48899481e+01,
       1.24913118e+02, 1.53332403e+02, 1.52865138e+02, 1.28870976e+02,
       7.60429846e+01, 1.55456610e+02, 1.57673135e+02, 1.54213005e+02,
       1.47624127e+02, 1.58573138e+02, 1.03779137e+02, 3.37817390e+01,
       9.33139025e+01, 1.31435747e+00, 1.18870425e+00, 4.51401256e-01,
       1.49081688e+00, 1.47681476e+00, 1.83994472e+00, 1.05086339e+00,
       1.13724416e+00, 1.02376386e+00, 1.82631137e+00, 1.25514786e+00,
       1.00750751e+00, 1.01632765e+00]) 
Generation: #360 
 1233.261377842574 
 array([5.06983582e+02, 9.06856497e+02, 4.20408433e+02, 1.11953108e+02,
       6.66543048e+02, 3.36805083e+02, 5.52410413e+02, 5.53645495e+01,
       9.81782089e+02, 1.80675235e+02, 5.92626099e+01, 9.76421722e+02,
       1.34575422e+02, 7.32679634e+02, 3.63860996e+02, 7.04405826e+02,
       9.89900165e+02, 5.41432085e+02, 6.64756844e+01, 1.50485157e+02,
       6.33755881e+01, 1.34999577e+02, 6.80189019e+02, 1.64230042e+02,
       4.88983818e+02, 3.00225670e+02, 1.21557697e+01, 1.47776028e+01,
       1.25063120e+02, 1.53619528e+02, 1.52497342e+02, 1.28968051e+02,
       7.61301927e+01, 1.55468666e+02, 1.57389773e+02, 1.54220134e+02,
       1.47723434e+02, 1.58599747e+02, 1.04314014e+02, 3.36726103e+01,
       9.34520466e+01, 9.73886645e-01, 1.01901859e+00, 8.09535452e-01,
       1.66500399e+00, 1.45279401e+00, 1.54500395e+00, 7.15739282e-01,
       5.52337741e-01, 1.47577200e+00, 1.80614681e+00, 1.56832678e+00,
       6.85170201e-01, 4.61169810e-01]) 
Generation: #370 
 1237.3242017454468 
 array([5.06751433e+02, 9.06743516e+02, 4.20579047e+02, 1.12032053e+02,
       6.66740601e+02, 3.37199119e+02, 5.52573376e+02, 5.54806871e+01,
       9.81445105e+02, 1.80634459e+02, 5.92429830e+01, 9.76782097e+02,
       1.34227946e+02, 7.32679489e+02, 3.63806777e+02, 7.04784475e+02,
       9.89546821e+02, 5.41527617e+02, 6.57926607e+01, 1.50431531e+02,
       6.30998855e+01, 1.35025797e+02, 6.80387144e+02, 1.64030778e+02,
       4.88126423e+02, 3.00046526e+02, 1.25111918e+01, 1.48309264e+01,
       1.25344340e+02, 1.53328731e+02, 1.52817382e+02, 1.28792064e+02,
       7.68677987e+01, 1.55435580e+02, 1.57297871e+02, 1.54201067e+02,
       1.47016121e+02, 1.58566687e+02, 1.03819115e+02, 3.35948013e+01,
       9.31684380e+01, 9.78789168e-01, 1.11174696e+00, 8.77140678e-01,
       1.55888717e+00, 1.47848339e+00, 1.40280754e+00, 1.72086402e-01,
       4.38894069e-01, 1.08861782e+00, 1.40204027e+00, 1.52516849e+00,
       9.08728497e-01, 7.16683717e-01]) 
Generation: #380 
 1238.2996779836349 
 array([5.06574718e+02, 9.06647197e+02, 4.20176961e+02, 1.11522187e+02,
       6.66597917e+02, 3.36872301e+02, 5.52728085e+02, 5.60936953e+01,
       9.81616648e+02, 1.80685384e+02, 5.89754529e+01, 9.76382833e+02,
       1.34338202e+02, 7.33000180e+02, 3.63744594e+02, 7.04768880e+02,
       9.89587598e+02, 5.41984616e+02, 6.60814691e+01, 1.50491430e+02,
       6.36639979e+01, 1.34870909e+02, 6.80325985e+02, 1.63885311e+02,
       4.87991043e+02, 3.00047491e+02, 1.21865790e+01, 1.48335898e+01,
       1.25311011e+02, 1.53100266e+02, 1.52930449e+02, 1.28553654e+02,
       7.69107546e+01, 1.55817784e+02, 1.57187199e+02, 1.54186819e+02,
       1.47342351e+02, 1.58697954e+02, 1.04341063e+02, 3.34110791e+01,
       9.35229313e+01, 8.93922514e-01, 1.17444083e+00, 6.83089764e-01,
       1.43555481e+00, 1.64273775e+00, 1.39161200e+00, 3.37031595e-01,
       7.30000334e-01, 1.42195974e+00, 1.59346746e+00, 1.44011818e+00,
       1.17134522e+00, 9.62375003e-01]) 
Generation: #390 
 1237.400895982888 
 array([5.06182097e+02, 9.06646216e+02, 4.20217752e+02, 1.11514154e+02,
       6.66952589e+02, 3.36845055e+02, 5.52515902e+02, 5.60495200e+01,
       9.81023944e+02, 1.80150033e+02, 5.89966643e+01, 9.76616459e+02,
       1.33984223e+02, 7.32762848e+02, 3.63617425e+02, 7.05093468e+02,
       9.89630453e+02, 5.42375992e+02, 6.60180192e+01, 1.50261687e+02,
       6.36678827e+01, 1.34749008e+02, 6.80198450e+02, 1.64034709e+02,
       4.88141199e+02, 2.99918269e+02, 1.20947129e+01, 1.48524717e+01,
       1.25297719e+02, 1.53283912e+02, 1.52648342e+02, 1.28724320e+02,
       7.68068988e+01, 1.55437781e+02, 1.56823547e+02, 1.53696534e+02,
       1.47373771e+02, 1.58486727e+02, 1.03542388e+02, 3.31513723e+01,
       9.36402624e+01, 1.04134680e+00, 1.05888218e+00, 7.43321813e-01,
       1.58901476e+00, 1.46026476e+00, 1.22361535e+00, 1.75672935e-01,
       6.49704376e-01, 1.61955217e+00, 1.43699397e+00, 1.88978897e+00,
       1.17794944e+00, 1.02161045e+00]) 
Generation: #400 
 1233.5787683073218 
 array([5.06014769e+02, 9.06448935e+02, 4.20494434e+02, 1.11875013e+02,
       6.67062035e+02, 3.36974999e+02, 5.52182779e+02, 5.62105660e+01,
       9.81018641e+02, 1.80256887e+02, 5.94003515e+01, 9.76576025e+02,
       1.33774261e+02, 7.33416455e+02, 3.63600671e+02, 7.05008946e+02,
       9.89467010e+02, 5.42052952e+02, 6.64077159e+01, 1.50103369e+02,
       6.36114574e+01, 1.35188292e+02, 6.80275871e+02, 1.64121222e+02,
       4.88082476e+02, 3.00158799e+02, 1.22937264e+01, 1.51249901e+01,
       1.25551736e+02, 1.53750186e+02, 1.52613396e+02, 1.28490546e+02,
       7.68872324e+01, 1.55022735e+02, 1.56714903e+02, 1.53862661e+02,
       1.47510747e+02, 1.58505620e+02, 1.03157335e+02, 3.34019234e+01,
       9.38306051e+01, 1.26843482e+00, 1.15365220e+00, 3.26841854e-01,
       1.61562237e+00, 1.74089231e+00, 1.51481596e+00, 5.51641050e-01,
       3.74380142e-01, 1.63822926e+00, 7.05056136e-01, 1.51769250e+00,
       1.05097458e+00, 5.84568280e-01]) 
Generation: #410 
 1367.1619905930313 
 array([5.06280507e+02, 9.06558857e+02, 4.20451701e+02, 1.11648385e+02,
       6.67205367e+02, 3.36559772e+02, 5.52525435e+02, 5.61572129e+01,
       9.80750089e+02, 1.80233924e+02, 5.91230719e+01, 9.76263389e+02,
       1.34067111e+02, 7.32915223e+02, 3.63467484e+02, 7.05084880e+02,
       9.89539075e+02, 5.41778575e+02, 6.64209588e+01, 1.50059159e+02,
       6.39441164e+01, 1.35153779e+02, 6.80136957e+02, 1.64054865e+02,
       4.87825448e+02, 3.00238416e+02, 1.22112907e+01, 1.50658892e+01,
       1.25460553e+02, 1.53636147e+02, 1.52277922e+02, 1.28414847e+02,
       7.70737449e+01, 1.55090745e+02, 1.56903126e+02, 1.53876253e+02,
       1.47468890e+02, 1.58587905e+02, 1.03664115e+02, 3.37439927e+01,
       9.37715345e+01, 1.34192409e+00, 1.63029780e+00, 5.67374637e-01,
       1.73048596e+00, 1.44623895e+00, 1.34543631e+00, 7.86933770e-01,
       6.93888045e-01, 1.08727006e+00, 1.05674133e+00, 1.38674146e+00,
       1.20211720e+00, 7.88475274e-01]) 
Generation: #420 
 1342.4042923089837 
 array([5.06092260e+02, 9.06054304e+02, 4.20543165e+02, 1.12183260e+02,
       6.66856476e+02, 3.36690344e+02, 5.52512907e+02, 5.58407133e+01,
       9.81215286e+02, 1.79960733e+02, 5.89965468e+01, 9.76323620e+02,
       1.34460760e+02, 7.33030407e+02, 3.63657537e+02, 7.05105556e+02,
       9.89163307e+02, 5.42183382e+02, 6.62091663e+01, 1.49813543e+02,
       6.36932042e+01, 1.35130712e+02, 6.80249387e+02, 1.63807908e+02,
       4.87814324e+02, 2.99624703e+02, 1.23097200e+01, 1.50792387e+01,
       1.25256294e+02, 1.53711196e+02, 1.52461538e+02, 1.28792983e+02,
       7.74943219e+01, 1.55018348e+02, 1.56663632e+02, 1.54120101e+02,
       1.47307143e+02, 1.58834466e+02, 1.03754440e+02, 3.34308287e+01,
       9.31395807e+01, 1.25555346e+00, 1.12549816e+00, 9.69923979e-01,
       1.49382794e+00, 1.35977389e+00, 1.11901506e+00, 6.62330728e-01,
       2.65494226e-01, 1.16492352e+00, 1.14995346e+00, 1.54003141e+00,
       1.30886845e+00, 8.62717565e-01]) 
Generation: #430 
 1360.2171755401391 
 array([5.06259137e+02, 9.06357384e+02, 4.20771490e+02, 1.11876367e+02,
       6.66952948e+02, 3.37148659e+02, 5.52391225e+02, 5.61029078e+01,
       9.80871299e+02, 1.80641139e+02, 5.91384538e+01, 9.76544383e+02,
       1.34019208e+02, 7.32267347e+02, 3.63008529e+02, 7.05143005e+02,
       9.89196906e+02, 5.42294553e+02, 6.66007200e+01, 1.49344740e+02,
       6.39958737e+01, 1.34934749e+02, 6.80402562e+02, 1.63606916e+02,
       4.88105919e+02, 2.99781589e+02, 1.23599737e+01, 1.52420132e+01,
       1.25306834e+02, 1.53737160e+02, 1.52796234e+02, 1.28337169e+02,
       7.73347051e+01, 1.54571795e+02, 1.56859920e+02, 1.53862533e+02,
       1.47659796e+02, 1.59227225e+02, 1.04095725e+02, 3.34938499e+01,
       9.35935751e+01, 1.19024811e+00, 1.55353651e+00, 8.86681749e-01,
       1.71178570e+00, 1.23528178e+00, 1.04070683e+00, 7.04875266e-01,
       8.62369404e-01, 9.00882845e-01, 1.22268687e+00, 1.46141960e+00,
       9.41645335e-01, 9.03696962e-01]) 
Generation: #440 
 1356.0883550963715 
 array([5.06514577e+02, 9.06244629e+02, 4.20415721e+02, 1.11908293e+02,
       6.67534680e+02, 3.36571414e+02, 5.52391229e+02, 5.58433056e+01,
       9.80649035e+02, 1.80227836e+02, 5.91738867e+01, 9.76307090e+02,
       1.34090468e+02, 7.32875249e+02, 3.63270802e+02, 7.05059435e+02,
       9.89145918e+02, 5.42221761e+02, 6.65093022e+01, 1.49635052e+02,
       6.37998264e+01, 1.34951564e+02, 6.80125116e+02, 1.63491871e+02,
       4.87730512e+02, 2.99311750e+02, 1.20581349e+01, 1.55172024e+01,
       1.25598317e+02, 1.53233138e+02, 1.52628928e+02, 1.28288939e+02,
       7.74570276e+01, 1.54974269e+02, 1.56825262e+02, 1.54243970e+02,
       1.47158296e+02, 1.59200000e+02, 1.04031380e+02, 3.35918763e+01,
       9.38620400e+01, 1.36995361e+00, 1.58786496e+00, 9.27918246e-01,
       1.58341061e+00, 1.18444670e+00, 1.21761912e+00, 6.79982160e-01,
       6.83768687e-01, 1.17867519e+00, 1.32498580e+00, 1.25593169e+00,
       1.28620117e+00, 1.16839540e+00]) 
Generation: #450 
 1342.2769550602432 
 array([5.06156368e+02, 9.06280052e+02, 4.20584464e+02, 1.11730420e+02,
       6.67534331e+02, 3.37153694e+02, 5.52162560e+02, 5.57709601e+01,
       9.80951513e+02, 1.80622793e+02, 5.96406298e+01, 9.76492254e+02,
       1.34292756e+02, 7.32772528e+02, 3.63449654e+02, 7.05165641e+02,
       9.88682854e+02, 5.41973482e+02, 6.67082423e+01, 1.49439821e+02,
       6.35488563e+01, 1.34928779e+02, 6.79782644e+02, 1.63564423e+02,
       4.87482566e+02, 2.99268444e+02, 1.22383972e+01, 1.54704783e+01,
       1.25739054e+02, 1.53238020e+02, 1.52369121e+02, 1.28875800e+02,
       7.79060521e+01, 1.54875641e+02, 1.56766480e+02, 1.54375823e+02,
       1.47395988e+02, 1.59310987e+02, 1.03896599e+02, 3.34402243e+01,
       9.41486436e+01, 1.16889334e+00, 1.56880294e+00, 8.60639728e-01,
       1.52835919e+00, 1.19617869e+00, 9.67913820e-01, 7.46025789e-01,
       9.70458673e-01, 1.00440714e+00, 1.27872294e+00, 1.50281594e+00,
       1.07762090e+00, 1.01828195e+00]) 
Generation: #460 
 1344.8128915908933 
 array([5.06069862e+02, 9.06289945e+02, 4.20831834e+02, 1.11534621e+02,
       6.67361594e+02, 3.36427965e+02, 5.52664435e+02, 5.57479886e+01,
       9.80991901e+02, 1.80743936e+02, 5.94105188e+01, 9.76031846e+02,
       1.34041835e+02, 7.32349178e+02, 3.63384743e+02, 7.05137976e+02,
       9.88823675e+02, 5.41926122e+02, 6.65979717e+01, 1.49925782e+02,
       6.33772913e+01, 1.34791387e+02, 6.79802019e+02, 1.63505359e+02,
       4.87533362e+02, 2.99448097e+02, 1.22376911e+01, 1.56539378e+01,
       1.25211500e+02, 1.53266018e+02, 1.52068832e+02, 1.28606397e+02,
       7.79817899e+01, 1.55021779e+02, 1.56638288e+02, 1.54329272e+02,
       1.47774694e+02, 1.59081197e+02, 1.04043775e+02, 3.36213627e+01,
       9.38576536e+01, 1.12368188e+00, 1.56146500e+00, 1.00832567e+00,
       1.36737484e+00, 1.09244600e+00, 1.16463533e+00, 6.44414466e-01,
       1.12007733e+00, 9.23684874e-01, 1.61348619e+00, 1.84713821e+00,
       9.24421330e-01, 1.07055067e+00]) 
Generation: #470 
 1365.8081669317025 
 array([5.06347369e+02, 9.06489631e+02, 4.20706932e+02, 1.11779800e+02,
       6.67594498e+02, 3.36087517e+02, 5.52483126e+02, 5.55371394e+01,
       9.81097545e+02, 1.80432911e+02, 5.95548794e+01, 9.76211611e+02,
       1.34409697e+02, 7.32767038e+02, 3.63347692e+02, 7.05002015e+02,
       9.88349971e+02, 5.41981945e+02, 6.66219839e+01, 1.49661847e+02,
       6.32957694e+01, 1.34719943e+02, 6.80308769e+02, 1.63638963e+02,
       4.87720099e+02, 2.99401277e+02, 1.24218672e+01, 1.56136489e+01,
       1.25462551e+02, 1.53668502e+02, 1.52211661e+02, 1.28454658e+02,
       7.77455003e+01, 1.55265251e+02, 1.56495609e+02, 1.54630900e+02,
       1.47645365e+02, 1.58909065e+02, 1.04001710e+02, 3.37179732e+01,
       9.37530342e+01, 1.01237041e+00, 1.30792611e+00, 8.03529890e-01,
       1.28549738e+00, 8.68050188e-01, 8.94359261e-01, 9.23866128e-01,
       1.04272675e+00, 1.28741486e+00, 1.43613348e+00, 1.92642334e+00,
       1.29360389e+00, 1.23421843e+00]) 
Generation: #480 
 1337.302758593815 
 array([5.06190351e+02, 9.06143043e+02, 4.20503693e+02, 1.11980421e+02,
       6.67613464e+02, 3.36308917e+02, 5.52259968e+02, 5.55323091e+01,
       9.80758665e+02, 1.80136657e+02, 5.96557574e+01, 9.76451846e+02,
       1.34441014e+02, 7.32911337e+02, 3.63414867e+02, 7.05299975e+02,
       9.88255166e+02, 5.42270376e+02, 6.66864225e+01, 1.50075838e+02,
       6.29273696e+01, 1.34707821e+02, 6.80081278e+02, 1.63688764e+02,
       4.87458461e+02, 2.99451199e+02, 1.25133790e+01, 1.59545252e+01,
       1.25963556e+02, 1.53593912e+02, 1.52578482e+02, 1.28431913e+02,
       7.78672340e+01, 1.55126551e+02, 1.56488827e+02, 1.54542474e+02,
       1.47476496e+02, 1.58711386e+02, 1.03681316e+02, 3.36795322e+01,
       9.35636539e+01, 1.48109836e+00, 1.52606385e+00, 1.12768886e+00,
       1.30284636e+00, 8.34431361e-01, 5.37391976e-01, 9.13766026e-01,
       1.19139130e+00, 1.06566678e+00, 1.25741619e+00, 1.60791594e+00,
       1.86956253e+00, 1.24223142e+00]) 
Generation: #490 
 1346.7805199942493 
 array([5.05599432e+02, 9.06145904e+02, 4.20732466e+02, 1.12028415e+02,
       6.68440787e+02, 3.36355956e+02, 5.52001842e+02, 5.53389488e+01,
       9.80533313e+02, 1.79933292e+02, 5.98232110e+01, 9.75919820e+02,
       1.34294704e+02, 7.32842185e+02, 3.63017145e+02, 7.04869653e+02,
       9.87984540e+02, 5.42273204e+02, 6.66215465e+01, 1.49992265e+02,
       6.27016405e+01, 1.34449863e+02, 6.79903798e+02, 1.64372982e+02,
       4.87234082e+02, 2.99332243e+02, 1.23976008e+01, 1.64988510e+01,
       1.25591629e+02, 1.53118052e+02, 1.52435320e+02, 1.28285204e+02,
       7.87284792e+01, 1.55009174e+02, 1.55975134e+02, 1.54795019e+02,
       1.46934312e+02, 1.58880760e+02, 1.03433029e+02, 3.37142972e+01,
       9.34566585e+01, 1.68069863e+00, 1.53190404e+00, 1.17806104e+00,
       1.08922039e+00, 9.63039450e-01, 7.86708412e-01, 6.09626185e-01,
       8.56820764e-01, 1.17604676e+00, 9.24767843e-01, 1.61755585e+00,
       1.54153567e+00, 1.34715824e+00]) 
Execution ended at: 2024-03-12 20:40:50.000306
